Episode,Score,MaxTile,Steps,Time
0,2132,256,179,1.41
1,1272,128,131,2.59
2,480,64,69,1.35
3,880,64,103,2.10
4,1868,128,177,3.58
5,1280,128,131,2.64
6,1092,128,119,2.43
7,2056,128,194,4.01
8,804,64,103,2.12
9,1348,128,139,2.97
10,484,32,78,1.60
11,632,64,88,1.82
12,1232,128,127,2.76
13,2376,128,221,4.63
14,884,64,107,2.30
15,2324,256,194,3.98
16,2684,256,232,4.90
17,1352,128,140,2.96
18,1732,128,177,3.64
19,596,64,83,1.70
20,1560,128,165,3.47
21,3108,256,256,5.46
22,280,32,51,1.04
23,884,64,111,2.23
24,1188,128,120,2.42
25,528,64,73,1.59
26,1040,64,128,2.71
27,1336,128,139,2.86
28,2968,256,251,5.26
29,1388,128,141,2.96
30,1172,128,126,2.66
31,1784,128,185,3.89
32,1900,128,185,3.71
33,408,32,66,1.38
34,1180,64,141,3.05
35,352,32,65,1.32
36,1488,128,156,3.20
37,1088,128,115,2.43
38,1396,128,143,2.92
39,364,32,63,1.30
40,1384,128,139,2.89
41,1964,128,204,4.18
42,588,64,82,1.76
43,1552,64,170,3.41
44,460,64,64,1.31
45,1264,128,139,2.89
46,1192,128,130,2.63
47,660,64,91,2.00
48,404,32,70,1.46
49,1232,128,136,2.80
50,2256,256,193,3.99
51,1384,128,142,2.94
52,1388,128,147,3.04
53,1480,128,158,3.28
54,564,32,83,1.73
55,1216,128,130,2.83
56,676,32,97,1.96
57,1096,128,121,2.51
58,1084,128,120,2.54
59,1496,128,157,3.24
60,732,64,99,2.12
61,884,64,107,2.32
62,1272,128,134,2.77
63,2452,128,229,4.81
64,2216,256,190,3.90
65,1188,128,129,2.72
66,660,64,87,1.82
67,1328,128,139,2.93
68,1192,64,129,2.69
69,456,32,78,1.58
70,1364,128,142,3.04
71,624,64,80,1.65
72,6328,512,424,8.78
73,1220,64,137,2.72
74,1520,128,151,3.11
75,1012,64,121,2.41
76,1360,128,140,3.01
77,564,32,85,1.72
78,1336,128,147,3.09
79,1640,128,166,3.61
80,2032,128,205,4.34
81,1100,128,117,2.43
82,628,64,86,1.75
83,1596,128,163,3.48
84,496,32,74,1.47
85,2820,256,241,4.95
86,2172,128,204,4.25
87,768,64,98,2.04
88,1032,64,123,2.47
89,1536,128,157,3.17
90,696,64,92,1.98
91,824,64,107,2.23
92,760,64,98,2.04
93,1368,128,143,3.08
94,1528,128,156,3.17
95,604,64,81,1.76
96,1028,128,108,2.23
97,1300,128,132,2.74
98,1096,128,115,2.44
99,1636,128,169,3.50
100,2132,128,204,4.42
101,1640,128,166,3.56
102,196,16,44,0.92
103,2808,256,238,4.90
104,928,128,96,1.97
105,1132,64,134,2.76
106,608,64,82,1.69
107,1388,128,148,3.13
108,460,32,74,1.65
109,876,64,104,2.13
110,556,64,81,1.68
111,848,64,112,2.33
112,1296,128,140,2.84
113,2592,256,221,4.71
114,672,32,96,1.95
115,1364,128,139,2.90
116,536,64,74,1.61
117,2584,256,225,4.69
118,2180,128,205,4.28
119,564,64,77,1.60
120,752,64,100,2.15
121,1004,128,106,2.30
122,1768,128,181,3.83
123,760,64,102,2.19
124,1272,64,145,3.03
125,508,32,77,1.60
126,956,64,115,2.55
127,1760,128,177,3.73
128,1208,64,141,2.95
129,904,64,111,2.25
130,644,64,91,1.89
131,3116,256,259,5.51
132,496,32,77,1.59
133,352,32,63,1.36
134,3244,256,271,5.77
135,2288,128,215,4.50
136,3428,256,288,6.13
137,1640,128,166,3.42
138,2576,256,211,4.46
139,3140,256,260,5.43
140,3012,256,250,5.33
141,900,64,108,2.30
142,1148,64,133,2.75
143,1324,128,133,2.97
144,2268,256,195,4.06
145,3112,256,262,5.69
146,612,64,84,1.74
147,1144,128,123,2.69
148,892,64,117,2.47
149,1552,128,156,3.42
150,1932,128,181,3.76
151,1116,64,131,2.92
152,1432,128,156,3.26
153,1008,64,121,2.57
154,1264,128,134,2.85
155,936,64,122,2.52
156,516,32,84,1.79
157,1616,128,162,3.47
158,1684,128,167,3.44
159,888,64,103,2.18
160,172,16,42,0.88
161,868,64,103,2.14
162,336,32,59,1.25
163,1856,128,187,4.05
164,640,64,89,1.85
165,1032,64,125,2.66
166,1152,128,126,2.60
167,2432,256,209,4.35
168,808,64,100,2.11
169,2652,256,224,4.86
170,1748,128,178,3.69
171,2524,256,212,4.47
172,2468,128,232,4.96
173,1672,128,170,3.51
174,692,64,90,1.85
175,956,64,125,2.61
176,1396,128,149,3.02
177,552,32,82,1.75
178,572,64,77,1.67
179,1660,128,167,3.55
180,1128,64,137,2.99
181,1332,128,138,2.85
182,1560,128,165,3.53
183,1636,128,175,3.69
184,344,32,58,1.17
185,996,64,122,2.55
186,736,64,97,2.04
187,1972,128,184,3.83
188,460,64,66,1.44
189,1304,128,142,2.97
190,1836,128,187,4.01
191,428,32,69,1.47
192,1896,128,190,4.01
193,1832,128,193,4.11
194,684,64,92,1.93
195,520,64,76,1.64
196,892,64,109,2.33
197,580,64,79,1.69
198,1200,128,128,2.74
199,3280,256,276,5.70
200,1484,128,156,3.40
201,1048,64,126,2.66
202,1124,64,133,2.91
203,1848,128,190,3.99
204,1708,128,175,3.71
205,1020,64,124,2.53
206,1128,64,130,2.79
207,952,64,118,2.56
208,2580,256,220,4.59
209,2172,128,204,4.33
210,616,64,84,1.73
211,940,64,110,2.27
212,1068,128,116,2.48
213,2004,128,189,4.08
214,1332,128,134,2.69
215,1160,128,128,2.72
216,1112,64,134,2.82
217,632,64,88,1.88
218,4960,512,350,7.44
219,1392,128,144,3.10
220,1696,128,168,3.56
221,992,64,117,2.50
222,1068,128,116,2.40
223,1672,128,163,3.41
224,5064,512,355,7.44
225,2220,256,192,4.03
226,1804,128,179,3.90
227,672,64,92,1.91
228,1416,128,143,2.90
229,5024,512,351,7.43
230,2040,128,198,4.23
231,2372,128,224,4.78
232,1092,64,129,2.63
233,1352,128,142,3.03
234,1056,128,114,2.44
235,1132,128,124,2.67
236,1192,64,142,3.13
237,1252,64,148,3.13
238,1496,128,158,3.47
239,1152,128,121,2.56
240,5264,512,368,7.91
241,1668,128,169,3.61
242,3044,256,261,5.46
243,1324,128,138,2.90
244,1748,128,178,3.71
245,784,64,104,2.22
246,2252,128,211,4.37
247,640,64,89,1.89
248,1784,128,180,3.73
249,1520,128,158,3.30
250,1508,128,161,3.35
251,1360,64,156,3.42
252,1124,128,119,2.53
253,1540,128,158,3.41
254,996,64,119,2.53
255,1548,128,159,3.42
256,2536,256,214,4.67
257,1880,128,193,4.26
258,2128,128,204,4.41
259,620,64,86,1.93
260,2584,256,229,4.83
261,1684,128,173,3.64
262,1040,64,125,2.67
263,412,32,65,1.36
264,1228,64,139,3.03
265,1820,128,189,4.10
266,1788,128,182,3.82
267,948,64,115,2.37
268,2588,256,226,4.81
269,1572,128,160,3.44
270,2524,256,215,4.52
271,1356,64,157,3.41
272,1336,128,140,2.93
273,552,32,83,1.79
274,3000,256,254,5.42
275,772,64,101,2.18
276,2896,256,244,5.15
277,2828,256,246,5.22
278,2744,256,234,5.07
279,1016,64,123,2.60
280,3976,256,329,6.96
281,2432,256,204,4.51
282,3184,256,263,5.61
283,1172,64,135,2.74
284,904,64,117,2.48
285,1360,128,141,3.06
286,552,32,83,1.72
287,964,64,113,2.30
288,272,32,52,1.14
289,820,64,107,2.24
290,740,64,98,2.05
291,376,32,62,1.34
292,1188,128,129,2.74
293,404,32,67,1.35
294,748,64,98,2.08
295,600,64,83,1.89
296,424,32,67,1.44
297,844,64,107,2.29
298,3380,256,280,6.02
299,720,64,91,1.90
300,684,64,96,2.06
301,792,64,103,2.28
302,620,64,85,1.83
303,1128,128,124,2.69
304,1152,64,136,2.91
305,1088,64,129,2.72
306,1368,128,139,2.95
307,916,64,119,2.48
308,1132,128,127,2.79
309,732,64,96,2.06
310,1436,128,149,3.12
311,700,64,99,2.13
312,1100,64,134,2.86
313,1284,128,129,2.66
314,2060,128,192,4.09
315,1604,128,168,3.52
316,1516,128,153,3.22
317,580,64,79,1.66
318,1236,128,127,2.69
319,548,64,79,1.64
320,1568,128,160,3.33
321,1832,128,186,3.98
322,1660,128,172,3.59
323,272,32,51,1.09
324,456,32,69,1.51
325,764,64,103,2.13
326,1532,128,155,3.25
327,1188,128,123,2.48
328,2652,256,226,4.87
329,1076,64,132,2.86
330,744,64,101,2.09
331,1640,128,170,3.59
332,1868,128,190,3.93
333,1644,128,167,3.61
334,1088,64,135,2.84
335,888,64,109,2.37
336,1348,128,140,2.99
337,848,64,102,2.22
338,388,32,67,1.48
339,828,64,107,2.24
340,2084,128,204,4.36
341,740,64,98,2.08
342,1820,128,186,3.90
343,1224,128,135,2.86
344,308,32,57,1.20
345,1684,128,174,3.71
346,1028,64,125,2.64
347,504,32,77,1.59
348,452,32,74,1.57
349,648,64,91,1.97
350,788,64,104,2.19
351,748,64,100,2.12
352,1008,64,121,2.61
353,728,64,95,2.04
354,1444,128,156,3.23
355,1664,128,172,3.69
356,2516,256,214,4.53
357,1304,64,153,3.15
358,788,64,109,2.22
359,1888,128,183,3.88
360,1608,128,166,3.41
361,696,64,91,1.99
362,528,32,78,1.66
363,1248,128,134,2.87
364,1380,128,145,3.10
365,1256,64,143,3.04
366,2076,128,196,4.34
367,1128,64,133,2.77
368,1508,128,161,3.38
369,3516,256,298,6.45
370,1012,64,122,2.60
371,1364,128,142,2.92
372,1240,128,130,2.72
373,2244,128,216,4.54
374,2900,256,237,5.08
375,912,64,120,2.53
376,1832,128,189,3.98
377,516,64,75,1.53
378,1360,64,155,3.42
379,496,64,70,1.44
380,1272,128,134,2.93
381,1888,128,191,4.19
382,1360,128,150,3.18
383,2456,256,207,4.33
384,812,64,110,2.37
385,1372,64,151,3.22
386,1020,128,108,2.29
387,1092,128,122,2.73
388,748,64,100,2.11
389,1104,64,130,2.84
390,1728,128,177,3.86
391,2740,256,233,5.02
392,768,64,104,2.13
393,920,64,112,2.35
394,3484,256,291,6.18
395,352,32,62,1.29
396,1188,128,130,2.80
397,612,64,86,1.77
398,2420,256,207,4.36
399,1860,128,193,4.11
400,1184,128,129,2.71
401,1876,128,193,4.03
402,308,32,55,1.24
403,1648,128,172,3.73
404,1088,128,121,2.53
405,1776,128,180,3.90
406,1380,128,141,2.90
407,1432,128,146,3.17
408,1628,128,164,3.47
409,1216,128,120,2.59
410,1216,64,144,3.08
411,2972,256,243,5.21
412,1940,128,194,4.00
413,588,32,91,1.97
414,512,32,78,1.69
415,1680,128,168,3.61
416,2216,128,203,4.44
417,1908,128,197,4.20
418,2700,256,231,5.00
419,1216,128,135,2.97
420,592,64,82,1.74
421,680,64,88,1.87
422,1064,128,113,2.44
423,1700,128,180,3.76
424,436,32,72,1.58
425,512,64,75,1.63
426,4056,256,313,6.75
427,1576,128,162,3.39
428,1060,128,117,2.55
429,2384,256,205,4.31
430,600,32,87,1.88
431,1504,128,156,3.30
432,1044,64,124,2.42
433,1516,128,156,3.33
434,820,64,102,2.07
435,524,32,81,1.64
436,1580,128,163,3.48
437,2500,256,217,4.62
438,1420,128,145,3.11
439,828,64,105,2.10
440,1208,128,124,2.68
441,552,32,83,1.78
442,228,32,46,0.90
443,1344,128,141,2.87
444,3436,256,283,6.14
445,1796,128,184,4.04
446,1056,128,115,2.43
447,3776,256,282,6.17
448,1468,128,152,3.26
449,3136,256,257,5.27
450,748,64,100,2.15
451,756,64,102,2.20
452,1428,128,146,3.11
453,2504,128,238,5.07
454,1400,128,147,3.07
455,424,32,69,1.42
456,1252,128,139,2.73
457,1216,128,126,2.63
458,1228,128,130,2.78
459,1340,128,140,2.97
460,2064,128,208,4.55
461,996,64,124,2.54
462,1444,128,149,3.21
463,1040,64,127,2.57
464,712,32,102,2.18
465,2280,256,199,4.29
466,1116,128,118,2.53
467,1044,128,111,2.36
468,512,32,75,1.55
469,1856,128,189,3.83
470,2016,128,206,4.19
471,1024,128,114,2.37
472,1464,128,151,3.27
473,1248,128,134,2.81
474,980,64,121,2.65
475,1556,128,162,3.39
476,448,64,63,1.30
477,1124,128,126,2.56
478,1312,128,138,2.80
479,752,64,101,2.08
480,888,64,108,2.23
481,868,64,110,2.30
482,724,64,91,1.87
483,708,64,94,1.96
484,1008,64,118,2.34
485,892,64,108,2.21
486,1060,64,139,2.93
487,1192,64,135,2.88
488,836,64,109,2.35
489,1136,128,122,2.65
490,980,64,116,2.41
491,988,64,120,2.49
492,1164,128,128,2.67
493,1708,128,168,3.45
494,544,32,82,1.85
495,944,64,120,2.56
496,1264,128,140,2.97
497,712,64,95,2.06
498,1012,64,122,2.43
499,848,64,110,2.29
500,1844,128,174,3.58
501,396,32,68,1.39
502,2484,256,213,4.44
503,1532,128,163,3.37
504,348,32,64,1.32
505,1004,128,106,2.22
506,1348,64,154,3.04
507,512,32,81,1.69
508,580,64,80,1.66
509,3728,256,305,6.24
510,632,64,88,1.83
511,1280,64,144,2.99
512,1248,128,133,2.86
513,1372,128,136,2.79
514,1356,128,144,2.88
515,2176,128,205,4.28
516,484,32,78,1.61
517,780,64,98,2.18
518,968,64,115,2.35
519,2164,256,186,3.95
520,612,64,84,1.72
521,888,64,112,2.22
522,1732,128,173,3.83
523,704,64,96,1.97
524,796,64,104,2.06
525,1488,128,157,3.39
526,1012,128,108,2.19
527,3208,256,272,5.84
528,1868,128,183,3.73
529,756,64,95,2.04
530,1272,128,138,2.85
531,840,64,112,2.39
532,1336,128,139,2.98
533,1552,128,161,3.25
534,1040,64,124,2.66
535,1112,64,130,2.75
536,488,32,72,1.43
537,2064,128,192,4.09
538,1356,128,140,2.84
539,472,32,73,1.59
540,1212,128,130,2.80
541,2576,256,220,4.81
542,1452,128,152,3.13
543,1488,128,160,3.43
544,2652,256,223,4.46
545,1252,128,134,2.74
546,1524,128,158,3.26
547,1668,128,154,3.23
548,1612,128,164,3.39
549,1372,128,144,3.00
550,1600,128,168,3.46
551,944,64,116,2.47
552,896,64,112,2.40
553,828,64,105,2.23
554,908,64,112,2.30
555,756,64,101,2.11
556,1152,128,125,2.53
557,636,64,82,1.64
558,732,64,95,1.96
559,936,128,101,2.10
560,568,32,86,1.80
561,1140,128,123,2.57
562,336,32,61,1.31
563,580,64,79,1.67
564,592,64,79,1.60
565,1896,128,189,4.11
566,428,32,69,1.38
567,896,64,109,2.14
568,468,32,75,1.46
569,1432,128,147,3.09
570,1544,128,159,3.18
571,1536,128,164,3.52
572,3136,256,263,5.59
573,1460,128,153,3.13
574,1192,128,131,2.71
575,1416,128,148,3.23
576,1372,128,138,2.72
577,2132,256,180,3.91
578,708,64,94,1.99
579,700,64,94,1.96
580,1116,128,123,2.61
581,912,64,110,2.18
582,976,64,118,2.41
583,1500,128,158,3.34
584,1488,128,157,3.22
585,992,128,110,2.39
586,1100,128,120,2.49
587,1244,64,143,3.07
588,1260,64,140,2.91
589,1216,128,122,2.42
590,1032,64,119,2.49
591,1300,128,138,2.79
592,236,16,49,1.03
593,1124,64,133,2.89
594,820,64,106,2.23
595,1552,128,165,3.49
596,2500,256,216,4.47
597,1376,128,144,2.96
598,544,64,75,1.58
599,704,64,94,1.98
600,1132,128,121,2.49
601,1424,128,146,3.14
602,1436,128,154,3.25
603,1260,128,126,2.72
604,1184,128,119,2.51
605,2556,256,216,4.45
606,948,64,117,2.36
607,2032,128,197,4.00
608,236,16,50,1.08
609,1300,128,131,2.87
610,1180,64,134,2.90
611,668,64,92,2.03
612,1280,128,130,2.66
613,2588,256,224,4.77
614,1648,128,169,3.50
615,760,64,102,2.31
616,2032,128,196,4.21
617,1492,128,157,3.45
618,996,64,119,2.43
619,932,64,114,2.44
620,1640,128,163,3.38
621,1732,128,176,3.62
622,680,64,89,1.91
623,2768,256,223,4.68
624,1556,128,162,3.56
625,696,64,92,1.83
626,640,64,90,1.95
627,1384,128,146,3.07
628,808,64,100,2.07
629,732,64,93,2.00
630,836,64,106,2.27
631,1204,128,133,2.87
632,1372,128,142,3.21
633,1636,128,163,3.34
634,1388,128,141,2.86
635,1580,128,167,3.49
636,444,64,62,1.24
637,644,64,87,1.89
638,1460,128,150,2.97
639,1648,128,168,3.36
640,584,64,80,1.73
641,664,64,88,1.81
642,1356,128,140,2.79
643,1100,128,120,2.50
644,924,64,111,2.41
645,1316,128,134,2.92
646,1452,128,152,3.28
647,1060,64,128,2.65
648,1044,128,112,2.40
649,1432,128,151,3.20
650,808,64,104,2.14
651,2380,256,197,4.34
652,3040,256,251,5.26
653,1152,128,126,2.50
654,796,64,105,2.11
655,860,64,112,2.46
656,1228,128,129,2.74
657,436,32,72,1.54
658,1604,128,162,3.46
659,684,64,96,1.93
660,676,64,94,1.96
661,324,32,60,1.30
662,1708,128,172,3.69
663,452,32,68,1.34
664,804,64,109,2.35
665,1744,128,169,3.52
666,1848,128,179,3.83
667,1188,128,129,2.68
668,1024,64,121,2.47
669,3196,256,263,5.39
670,1868,128,188,3.95
671,500,64,71,1.48
672,1376,128,140,2.90
673,284,32,50,1.13
674,792,64,95,2.10
675,1332,128,139,2.95
676,740,64,98,2.09
677,764,64,101,2.04
678,1040,64,124,2.53
679,1532,128,159,3.33
680,624,64,81,1.66
681,636,64,87,1.83
682,760,64,101,2.19
683,1084,128,116,2.54
684,908,128,99,2.01
685,1232,128,126,2.58
686,584,64,80,1.65
687,936,64,109,2.20
688,1324,128,143,3.00
689,600,64,84,1.77
690,380,32,65,1.39
691,1828,128,171,3.56
692,1000,64,119,2.49
693,1484,128,155,3.26
694,440,64,63,1.33
695,980,128,101,2.05
696,940,128,102,2.12
697,628,64,86,1.77
698,1636,128,167,3.62
699,2980,256,242,5.02
700,2072,256,175,3.66
701,2704,256,232,4.90
702,1120,128,119,2.34
703,1480,128,155,3.24
704,1080,128,113,2.41
705,712,64,92,1.97
706,1184,128,129,2.69
707,1712,128,159,3.40
708,2884,256,237,5.03
709,1528,128,158,3.35
710,656,64,86,1.76
711,1288,128,132,2.77
712,1152,128,122,2.51
713,1428,128,151,3.14
714,1248,64,140,2.91
715,1156,128,127,2.66
716,1024,64,121,2.60
717,1448,128,151,3.13
718,1092,64,127,2.76
719,1764,128,181,3.83
720,712,64,96,2.01
721,1152,128,126,2.58
722,1440,64,160,3.35
723,1152,128,125,2.73
724,1324,128,144,2.98
725,1080,128,119,2.41
726,1064,64,124,2.68
727,800,64,102,1.99
728,1912,128,197,4.12
729,1448,128,153,3.31
730,604,32,89,1.92
731,476,32,74,1.57
732,1880,128,170,3.36
733,1232,128,136,2.99
734,720,64,94,1.97
735,2624,256,221,4.67
736,764,64,97,2.12
737,272,32,52,1.08
738,1756,128,180,3.73
739,936,64,109,2.31
740,1304,128,136,2.73
741,488,32,79,1.60
742,568,64,77,1.67
743,1444,128,150,3.07
744,760,64,103,2.20
745,1488,128,157,3.33
746,652,64,91,1.92
747,596,64,82,1.73
748,800,64,96,2.00
749,1148,128,127,2.51
750,628,64,86,1.77
751,1440,128,152,3.28
752,288,32,57,1.17
753,540,64,75,1.58
754,1216,128,125,2.68
755,1288,128,136,2.88
756,1132,128,120,2.47
757,780,64,96,1.98
758,1396,128,148,3.02
759,1656,128,168,3.43
760,540,64,74,1.61
761,1092,128,120,2.47
762,1868,128,179,3.90
763,1800,128,172,3.59
764,1372,128,141,2.93
765,1028,128,111,2.33
766,680,64,94,1.96
767,1328,128,138,2.96
768,1860,128,177,3.68
769,2500,256,217,4.64
770,1808,128,181,3.78
771,432,32,70,1.53
772,808,64,103,2.07
773,704,64,94,1.89
774,2512,256,213,4.53
775,1840,128,184,3.83
776,944,128,102,2.34
777,276,32,52,1.07
778,1444,128,151,3.16
779,736,64,97,1.95
780,1276,128,139,2.83
781,780,64,100,1.97
782,1412,128,147,3.19
783,624,64,86,1.82
784,1016,128,108,2.27
785,1640,128,164,3.50
786,2916,256,246,5.10
787,584,64,81,1.68
788,1560,128,159,3.23
789,1468,128,143,3.09
790,388,32,63,1.36
791,1372,128,144,2.97
792,308,32,57,1.16
793,652,64,92,2.00
794,388,32,64,1.33
795,1220,128,130,2.62
796,828,64,105,2.13
797,716,64,96,2.00
798,1480,128,152,3.20
799,288,32,52,1.09
800,1300,128,142,3.04
801,1248,128,136,2.89
802,1316,128,134,2.88
803,1832,128,187,3.75
804,1464,128,152,3.19
805,1536,128,161,3.35
806,2768,256,220,4.73
807,576,64,79,1.66
808,360,32,62,1.23
809,572,64,79,1.72
810,1020,64,124,2.75
811,1412,128,142,3.00
812,520,32,83,1.67
813,1252,128,134,2.81
814,632,64,86,1.84
815,1272,64,146,3.10
816,1380,128,146,2.97
817,1688,128,167,3.49
818,1448,128,151,3.14
819,716,64,96,1.93
820,716,64,96,2.07
821,840,64,100,2.14
822,1168,128,126,2.59
823,1004,64,117,2.44
824,792,64,106,2.20
825,1304,128,143,2.98
826,904,64,111,2.53
827,808,64,100,2.01
828,964,64,117,2.30
829,904,64,110,2.34
830,812,64,103,2.18
831,552,64,80,1.66
832,236,32,47,1.00
833,2236,128,216,4.66
834,720,64,96,1.89
835,924,64,112,2.49
836,1300,128,135,2.94
837,1432,128,149,3.19
838,1088,64,132,2.83
839,736,64,100,2.05
840,1184,128,128,2.73
841,428,32,69,1.52
842,320,32,59,1.21
843,804,64,99,2.04
844,1056,128,114,2.44
845,1512,128,156,3.23
846,1728,128,173,3.69
847,1216,128,125,2.53
848,728,64,96,1.93
849,1280,128,131,2.63
850,1256,128,131,2.74
851,1020,128,110,2.21
852,728,64,99,2.03
853,1244,64,146,3.02
854,1084,128,114,2.42
855,1148,128,124,2.71
856,888,64,108,2.13
857,356,32,63,1.32
858,720,64,94,1.86
859,1408,128,145,3.04
860,788,64,96,1.95
861,724,64,96,2.01
862,1300,128,133,2.82
863,1256,128,130,2.69
864,1220,128,127,2.64
865,1008,64,121,2.47
866,1456,128,154,3.10
867,760,64,96,2.08
868,1328,128,138,2.79
869,656,64,90,1.85
870,268,32,51,1.12
871,676,64,94,2.02
872,556,64,74,1.50
873,716,64,92,1.89
874,1064,128,111,2.40
875,1120,64,123,2.51
876,740,64,98,1.97
877,476,32,75,1.51
878,536,64,74,1.66
879,1120,128,123,2.48
880,1648,128,168,3.56
881,2456,256,210,4.30
882,412,32,69,1.48
883,976,64,117,2.59
884,1004,64,120,2.38
885,712,64,95,1.94
886,1380,128,140,2.96
887,1340,128,135,2.67
888,996,64,119,2.50
889,1564,128,163,3.48
890,1584,128,157,3.33
891,552,64,76,1.66
892,1480,128,155,3.15
893,1468,128,153,3.15
894,592,64,80,1.65
895,1620,128,165,3.43
896,1916,128,188,3.89
897,1572,128,159,3.30
898,1232,128,127,2.62
899,672,64,90,1.92
900,1160,128,123,2.52
901,2612,256,221,4.83
902,1008,64,120,2.50
903,880,64,109,2.33
904,1092,128,112,2.33
905,1216,128,127,2.67
906,292,32,53,1.20
907,1284,128,132,2.84
908,1536,128,164,3.41
909,700,64,92,1.97
910,1376,128,144,2.89
911,744,64,99,1.99
912,680,64,91,2.01
913,612,64,82,1.72
914,1516,128,156,3.32
915,904,64,112,2.41
916,1224,128,133,2.83
917,1284,128,134,2.92
918,696,64,92,2.02
919,708,64,93,1.88
920,1096,128,123,2.50
921,1304,128,139,2.96
922,780,64,100,2.10
923,1228,128,128,2.72
924,1388,128,148,3.07
925,704,64,94,1.92
926,612,64,84,1.78
927,1464,128,157,3.33
928,508,64,68,1.44
929,544,64,76,1.56
930,1312,128,134,2.90
931,756,64,101,2.12
932,612,64,82,1.74
933,1224,128,132,2.79
934,1488,128,150,3.01
935,1488,128,147,3.17
936,1412,128,150,3.18
937,1604,128,158,3.30
938,676,64,94,2.01
939,632,64,87,1.72
940,1256,128,136,2.83
941,1036,128,109,2.45
942,748,64,100,2.07
943,996,64,118,2.47
944,920,64,114,2.46
945,668,64,90,1.87
946,2000,256,163,3.35
947,904,64,105,2.19
948,1620,128,167,3.39
949,1360,128,145,3.08
950,1032,64,123,2.55
951,1396,128,143,3.01
952,500,64,72,1.62
953,288,32,54,1.17
954,588,64,77,1.61
955,1236,128,134,2.81
956,404,32,67,1.41
957,1056,64,126,2.56
958,748,64,100,2.03
959,700,64,93,1.99
960,1176,128,129,2.70
961,1148,128,115,2.42
962,724,64,95,2.09
963,876,64,106,2.28
964,664,64,86,1.66
965,856,64,111,2.20
966,2968,256,241,4.99
967,1280,128,139,2.99
968,1144,64,134,2.91
969,516,64,75,1.54
970,676,64,90,1.90
971,620,64,84,1.89
972,632,64,85,1.74
973,1816,128,169,3.44
974,1276,128,133,2.84
975,1072,128,112,2.30
976,688,64,91,1.94
977,1468,128,155,3.31
978,296,32,54,1.03
979,676,64,94,1.91
980,1480,128,156,3.33
981,1428,128,146,3.19
982,1408,128,149,3.15
983,540,32,87,1.77
984,624,64,86,1.81
985,1012,128,110,2.26
986,736,64,100,2.12
987,1192,128,120,2.48
988,656,64,87,1.77
989,1352,128,141,3.06
990,1408,128,148,3.06
991,1316,128,143,3.01
992,2196,256,179,3.70
993,416,32,70,1.32
994,1120,64,128,2.83
995,300,32,58,1.20
996,764,64,93,1.85
997,1104,128,118,2.48
998,584,64,80,1.70
999,764,64,105,2.11
